local Library = loadstring(game:HttpGet("https://pastebin.com/raw/us155g5j"))()
local ThemeManager = loadstring(game:HttpGet('https://pastebin.com/raw/9p06pghh'))()
local SaveManager = loadstring(game:HttpGet('https://pastebin.com/raw/9MwnfUrA'))()

local Window = Library:CreateWindow({
Title = "Forenzy Hub - Blox Fruit",
AutoShow = true,
Center = true,
TabPadding = 6
})
task.spawn(function()
while task.wait() do
Library:AttemptSave()
Window:SetWindowTitle("Forenzy Hub - Blox Fruit | "..os.date('%A, %B %dth, %Y. at %H:%M:%S'))
end
end)

local Tabs = {
["General"] = Window:AddTab("General"),
["Automatic"] = Window:AddTab("Automatic"),
["RacePuzzle"] = Window:AddTab("Race Puzzle"),
["Visual"] = Window:AddTab("Visuals"),
["Miscellaneous"] = Window:AddTab("Miscellaneous"),
["Wehook"] = Window:AddTab("Wehook"),
["Configurations"] = Window:AddTab("Ui"),
}

ThemeManager:SetLibrary(Library)
SaveManager:SetLibrary(Library)
SaveManager:IgnoreThemeSettings()
SaveManager:SetIgnoreIndexes({ 'MenuKeybind' })
SaveManager:BuildConfigSection(Tabs['Configurations'])
ThemeManager:ApplyToTab(Tabs['Configurations'])
SaveManager:LoadAutoloadConfig()

player = game.Players.LocalPlayer
L1 = Instance.new("ScreenGui")
L2 = Instance.new("TextButton")
L3 = Instance.new("UICorner")
L4 = Instance.new("ImageLabel")
sound = Instance.new("Sound")
L3.Name = "UICorner"
L3.Parent = L2
L4.Name = "ButtonImage"
L4.Parent = L2
L4.BackgroundColor3 = Color3.fromRGB(22, 55, 240)
L4.BackgroundTransparency = 1.000
L4.BorderSizePixel = 0
L4.Position = UDim2.new(0.1, 0, 0.1, 0) 
L4.Size = UDim2.new(0, 45, 0, 45)
L4.Image = ""
L1.Name = "MainGui"
L1.Parent = player:WaitForChild("PlayerGui")
L1.ZIndexBehavior = Enum.ZIndexBehavior.Sibling
L2.Name = "CustomButton"
L2.Parent = L1
L2.BackgroundColor3 = Color3.fromRGB(30, 30, 30)
L2.BackgroundTransparency = 0.2
L2.BorderSizePixel = 0
L2.Position = UDim2.new(0.0, 10, 0, 10)
L2.Size = UDim2.new(0, 50, 0, 50)
L2.Font = Enum.Font.FredokaOne
L2.Text = "Fn Hub"
L2.TextColor3 = Color3.fromRGB(255, 0, 69)
L2.TextSize = 9.000
L2.Draggable = true
sound.Parent = L2
sound.SoundId = "rbxassetid://130785805"
L2.MouseButton1Click:Connect(function()
    game:GetService("VirtualInputManager"):SendKeyEvent(true,"RightControl",false,game.Players.LocalPlayer.Character.HumanoidRootPart)
		game:GetService("VirtualInputManager"):SendKeyEvent(false,"RightControl",false,game.Players.LocalPlayer.Character.HumanoidRootPart)
    sound:Play()
end) 

local https = game.HttpService
local filename = 'Forenzy_Hub_Script_' .. game.Players.LocalPlayer.Name .. ".json"
function loadconfig()
if (readfile and isfile and isfile('Forenzy_Hub_Script/' .. filename)) then
_G.Config = https:JSONDecode(readfile('Forenzy_Hub_Script/' .. filename))
end end
    
if not _G.Config then
loadconfig()
end
    
function Saveconfig()
local json;
if isfolder("Forenzy_Hub_Script") == false then
makefolder("Forenzy_Hub_Script")
end
if (writefile) then
local json = https:JSONEncode(_G.Config)
writefile('Forenzy_Hub_Script/' .. filename,json)
end end
    
if not _G.Config then
_G.Config = {
  ["Main"] = {
    ["Auto Farm Level"] = false,
    ["Auto Mob Aura"] = false,
    ["Auto Travel Dressrosa"] = false,
    ["Auto Travel Zou"] = false,
  },
  ["Boss"] = {
    ["Select Boss"] = "nil",
    ["Auto Farm Boss"] = false,
    ["Auto Farm All Boss"] = false,
  },
  ["Mob"] = {
    ["Distance"] = 2500,
    ["Mob Aura"] = false,
  },
  ["Mastery"] = {
    ["Auto Farm Mastery Fruit"] = false,
    ["Auto Farm Mastery Gun"] = false,
  },
  ["Distance"] = {
    ["Pos X"] = 10,
    ["Pos Y"] = 30,
    ["Pos Z"] = 10,
  },
  ["Setting"] = {
    ["Select Weapon"] = "Melee",
    ["Bring Enemies"] = true,
    ["Instant Attack"] = true,
    ["Fast Teleport"] = true,
    ["Random Position"] = true,
    ["Enable Active Race V4"] = false,
    ["Tween Speed"] = 250,
  },
  ["Code"] = {
    ["Select Level"] = 1,
    ["Auto Redeem Code"] = false,
  },
  ["Skill"] = {
    ["Skill Z"] = true,
    ["Skill X"] = true,
    ["Skill C"] = true,
    ["Skill V"] = true,
    ["Skill F"] = false,
  },
  ["Stats"] = {
    ["Select Stats"] = "nil",
    ["Enable"] = false,
    ["Point Stats"] = 3,
  },
  ["Sword"] = {
    ["Select Sword"] = "nil",
    ["Auto Farm Sword"] = false,
  },
  ["Chest"] = {
    ["Auto Farm Chest"] = false,
    ["Auto Farm Chest Hop"] = false,
  },
  ["Weapon"] = {
    ["Select Weapon"] = "",
    ["Auto Fully Weapon"] = false,
  },
  ["DoughKing"] = {
    ["Auto Dough King"] = false,
    ["Auto Dough King Hop"] = false,
  },
   ["Bones"] = {
    ["Auto Farm Bones"] = false,
    ["Trade With Death King"] = false,
  },
  ["Soul Reaper"] = {
    ["Auto Soul Reaper"] = false,
    ["Auto Soul Reaper Hop"] = false,
  },
  ["Cake Prince"] = {
    ["Auto Farm Cake Prince"] = false,
  },
  ["Arena Trainer"] = {
    ["Auto Arena Trainer"] = false,
  },
  ["DarkBeard"] = { 
    ["Choose Wait Hop"] = "2550",
    ["Auto Dark Coat"] = false,
    ["Auto Dark Coat Hop"] = false,
  },
  ["EvoRace"] = {
    ["Auto Evo Race V2"] = false,
  },
  ["Fighting"] = {
    ["Auto Superhuman"] = false,
  },
}
end

if game.PlaceId == 2753915549 then
    World1 = true
elseif game.PlaceId == 4442272183 then
    World2 = true
elseif game.PlaceId == 7449423635 then
    World3 = true
end

_G.AutoRejoin = true
spawn(
    function()
        while wait() do
            if _G.AutoRejoin then
                _G.AutoRejoin =
                    game:GetService("CoreGui").RobloxPromptGui.promptOverlay.ChildAdded:Connect(
                    function(child)
                        if
                            child.Name == "ErrorPrompt" and child:FindFirstChild("MessageArea") and
                                child.MessageArea:FindFirstChild("ErrorFrame")
                         then
                            game:GetService("TeleportService"):Teleport(game.PlaceId)
                        end
                    end
                )
            end
        end
    end
)

if game:GetService("ReplicatedStorage").Effect.Container:FindFirstChild("Death") then
        game:GetService("ReplicatedStorage").Effect.Container.Death:Destroy()
    end
    if game:GetService("ReplicatedStorage").Effect.Container:FindFirstChild("Respawn") then
        game:GetService("ReplicatedStorage").Effect.Container.Respawn:Destroy()
end

if not LPH_OBFUSCATED then
	LPH_JIT_MAX = (function(...) return ... end)
	LPH_NO_VIRTUALIZE = (function(...) return ... end)
	LPH_NO_UPVALUES = (function(...) return ... end)
end
NoAttackAnimation = true
local DmgAttack = game:GetService("ReplicatedStorage").Assets.GUI:WaitForChild("DamageCounter")
local PC = require(game.Players.LocalPlayer.PlayerScripts.CombatFramework.Particle)
local plr = game.Players.LocalPlayer
local RL = require(game:GetService("ReplicatedStorage").CombatFramework.RigLib)
local oldRL = RL.wrapAttackAnimationAsync
RL.wrapAttackAnimationAsync = function(a, b, c, d, func)
    if not NoAttackAnimation then
        return oldRL(a, b, c, 60, func)
    end
    local Hits = {}
    local Client = game.Players.LocalPlayer
    local Characters = game:GetService("Workspace").Characters:GetChildren()
    for i, v in pairs(Characters) do
        local Human = v:FindFirstChildOfClass("Humanoid")
        if v.Name ~= game.Players.LocalPlayer.Name and Human and Human.RootPart and Human.Health > 0 and Client:DistanceFromCharacter(Human.RootPart.Position) < 65 then
            table.insert(Hits, Human.RootPart)
        end
    end
    local Enemies = game:GetService("Workspace").Enemies:GetChildren()
    for i, v in pairs(Enemies) do
        local Human = v:FindFirstChildOfClass("Humanoid")
        if Human and Human.RootPart and Human.Health > 0 and Client:DistanceFromCharacter(Human.RootPart.Position) < 65 then
            table.insert(Hits, Human.RootPart)
        end
    end
    a:Play(0.01, 0.01, 0.01)
    pcall(func, Hits)
end
getAllBladeHits = LPH_NO_VIRTUALIZE(function(Sizes)
    local Hits = {}
    local Client = game.Players.LocalPlayer
    local Enemies = game:GetService("Workspace").Enemies:GetChildren()
    for i, v in pairs(Enemies) do
        local Human = v:FindFirstChildOfClass("Humanoid")
        if Human and Human.RootPart and Human.Health > 0 and Client:DistanceFromCharacter(Human.RootPart.Position) < Sizes + 5 then
            table.insert(Hits, Human.RootPart)
        end
    end
    return Hits
end)
getAllBladeHitsPlayers = LPH_NO_VIRTUALIZE(function(Sizes)
    local Hits = {}
    local Client = game.Players.LocalPlayer
    local Characters = game:GetService("Workspace").Characters:GetChildren()
    for i, v in pairs(Characters) do
        local Human = v:FindFirstChildOfClass("Humanoid")
        if v.Name ~= game.Players.LocalPlayer.Name and Human and Human.RootPart and Human.Health > 0 and Client:DistanceFromCharacter(Human.RootPart.Position) < Sizes + 5 then
            table.insert(Hits, Human.RootPart)
        end
    end
    return Hits
end)
local CombatFramework = require(game:GetService("Players").LocalPlayer.PlayerScripts:WaitForChild("CombatFramework"))
local CombatFrameworkR = getupvalues(CombatFramework)[2]
local RigEven = game:GetService("ReplicatedStorage").RigControllerEvent
local AttackAnim = Instance.new("Animation")
local AttackCoolDown = 0
local cooldowntickFire = 0
local MaxFire = 1000
local FireCooldown = 0.01
local FireL = 0
local bladehit = {}
CancelCoolDown = LPH_JIT_MAX(function()
    local ac = CombatFrameworkR.activeController
    if ac and ac.equipped then
        AttackCoolDown = tick() + (FireCooldown or 0.01) + ((FireL / MaxFire) * 0.3)
        RigEven.FireServer(RigEven, "weaponChange", ac.currentWeaponModel.Name)
        FireL = FireL + 1
        task.delay((FireCooldown or 0.01) + ((FireL + 0.1 / MaxFire) * 0.1), function()
            FireL = FireL - 1
        end)
    end
end)
AttackFunction = LPH_JIT_MAX(function(typef)
    local ac = CombatFrameworkR.activeController
    if ac and ac.equipped then
        local bladehit = require(game.ReplicatedStorage.CombatFramework.RigLib).getBladeHits(
            plr.Character,
            {plr.Character.HumanoidRootPart},
            60
        )
        local cac = {}
        local hash = {}      
        if #bladehit > 0 then
            pcall(task.spawn, ac.attack, ac)
            if tick() > AttackCoolDown then
                CancelCoolDown()
            end
            if tick() - cooldowntickFire > 0.1 then
                ac.timeToNextAttack = 0
                ac.hitboxMagnitude = 60
                pcall(task.spawn, ac.attack, ac)
                cooldowntickFire = tick()
            end
            local AMI3 = ac.anims.basic[3]
            local AMI2 = ac.anims.basic[2]
            local REALID = AMI3 or AMI2
            AttackAnim.AnimationId = REALID
            local StartP = ac.humanoid:LoadAnimation(AttackAnim)
            StartP:Play(0.01, 0.01, 0.01)
            RigEven.FireServer(RigEven, "hit", bladehit, AMI3 and 3 or 2, "")
            task.delay(0, function()
                StartP:Stop()
            end)
        end
    end
end)
function CheckStun()
    if game:GetService('Players').LocalPlayer.Character:FindFirstChild("Stun") then
        return game:GetService('Players').LocalPlayer.Character.Stun.Value ~= 0
    end
    return false
end
LPH_JIT_MAX(function()
    spawn(function()
        while game:GetService("RunService").Stepped:Wait() do
            local ac = CombatFrameworkR.activeController
            if ac and ac.equipped and not CheckStun() then
                if NeedAttacking and Fast_Attack then
                    task.spawn(function()
                        pcall(task.spawn, AttackFunction, 1)
                    end)
                elseif DamageAura then
                    task.spawn(function()
                        pcall(task.spawn, AttackFunction, 3)
                    end)
                elseif UsefastattackPlayers and Fast_Attack then
                    task.spawn(function()
                        pcall(task.spawn, AttackFunction, 2)
                    end)
                elseif NeedAttacking and Fast_Attack == false then
                    if ac.hitboxMagnitude ~= 55 then
                        ac.hitboxMagnitude = 55
                    end
                    pcall(task.spawn, ac.attack, ac)
                end
            end
        end
    end)
end)()

W1 = false
W2 = false
W3 = false
local placeId = game.PlaceId
if placeId == 2753915549 then
    W1 = true
elseif placeId == 4442272183 then
    W2 = true
elseif placeId == 7449423635 then
    W3 = true
end

function CheckQuest() 
    local Lv = game:GetService("Players").LocalPlayer.Data.Level.Value
    if _G.Upto then
        Lv = Lv + 100
    end
    if W1 then
        if Lv == 1 or Lv <= 9 or SelectMonster == "Bandit" then -- Bandit
            Ms = "Bandit"
            NameQuest = "BanditQuest1"
            QuestLv = 1
            NameMon = "Bandit"
            CFrameQ = CFrame.new(1059.37195, 15.4495068, 1550.4231, 0.939700544, -0, -0.341998369, 0, 1, -0, 0.341998369, 0, 0.939700544)
            CFrameMon = CFrame.new(1037.1971435546875, 80.767822265625, 1593.5054931640625)
        elseif Lv == 10 or Lv <= 14 or SelectMonster == "Monkey" then -- Monkey
            Ms = "Monkey"
            NameQuest = "JungleQuest"
            QuestLv = 1
            NameMon = "Monkey"
            CFrameQ = CFrame.new(-1598.08911, 35.5501175, 153.377838, 0, 0, 1, 0, 1, -0, -1, 0, 0)
            CFrameMon = CFrame.new(-1447.7362060546875, 51.19523239135742, 62.61884307861328)
        elseif Lv == 15 or Lv <= 29 or SelectMonster == "Gorilla" then -- Gorilla
            Ms = "Gorilla"
            NameQuest = "JungleQuest"
            QuestLv = 2
            NameMon = "Gorilla"
            CFrameQ = CFrame.new(-1598.08911, 35.5501175, 153.377838, 0, 0, 1, 0, 1, -0, -1, 0, 0)
            CFrameMon = CFrame.new(-1132.8082275390625, 40.80637741088867, -521.5314331054688)
            if Lv >= 25 then
                _G.SelectBoss = "The Gorilla King" 
            end
            SelectMonster = "Monkey"
        elseif Lv >= 30 and Lv <= 40-1 or SelectMonster == "Pirate" then
             
            Ms = "Pirate"
            NameQuest = "BuggyQuest1"
            QuestLv = 1
            NameMon = "Pirate"
            CFrameQ = CFrame.new(-1141.07483, 4.10001802, 3831.5498, 0.965929627, -0, -0.258804798, 0, 1, -0, 0.258804798, 0, 0.965929627)
            CFrameMon = CFrame.new(-1049.65478515625, 67.99503326416016, 3957.435791015625)
        elseif Lv >= 40 and Lv <= 60-1 or SelectMonster == "Brute" then
            Ms = "Brute"
            NameQuest = "BuggyQuest1"
            QuestLv = 2
            NameMon = "Brute"
            CFrameQ = CFrame.new(-1141.07483, 4.10001802, 3831.5498, 0.965929627, -0, -0.258804798, 0, 1, -0, 0.258804798, 0, 0.965929627)
            CFrameMon = CFrame.new(-1147.0657958984375, 96.61427307128906, 4311.46484375)
            if Lv >= 55 then
                _G.SelectBoss = "Bobby"
            end
            SelectMonster = "Pirate"
        elseif Lv >= 60 and Lv <= 75-1 or SelectMonster == "Desert Bandit" then
             
            Ms = "Desert Bandit"
            NameQuest = "DesertQuest"
            QuestLv = 1
            NameMon = "Desert Bandit"
            CFrameQ = CFrame.new(894.488647, 5.14000702, 4392.43359, 0.819155693, -0, -0.573571265, 0, 1, -0, 0.573571265, 0, 0.819155693)
            CFrameMon = CFrame.new(982.4600830078125, 23.526029586791992, 4411.40576171875)
        elseif Lv >= 75 and Lv <= 90-1 or SelectMonster == "Desert Officer" then
            Ms = "Desert Officer"
            NameQuest = "DesertQuest"
            QuestLv = 2
            NameMon = "Desert Officer"
            CFrameQ = CFrame.new(894.488647, 5.14000702, 4392.43359, 0.819155693, -0, -0.573571265, 0, 1, -0, 0.573571265, 0, 0.819155693)
            CFrameMon = CFrame.new(1562.3126220703125, 14.795281410217285, 4405.677734375)
            SelectMonster = "Desert Bandit"
        elseif Lv >= 90 and Lv <= 100-1 or SelectMonster == "Snow Bandit" then -- Snow Bandits
            Ms = "Snow Bandit"
            NameQuest = "SnowQuest"
            QuestLv = 1
            NameMon = "Snow Bandit"
            CFrameQ = CFrame.new(1389.74451, 86.6520844, -1298.90796, -0.342042685, 0, 0.939684391, 0, 1, 0, -0.939684391, 0, -0.342042685)
            CFrameMon = CFrame.new(1340.0426025390625, 105.56710052490234, -1315.054443359375)
        elseif Lv == 100 or Lv <= 119 or SelectMonster == "Snowman" then -- Snowman
            Ms = "Snowman"
            NameQuest = "SnowQuest"
            QuestLv = 2
            NameMon = "Snowman"
            CFrameQ = CFrame.new(1389.74451, 86.6520844, -1298.90796, -0.342042685, 0, 0.939684391, 0, 1, 0, -0.939684391, 0, -0.342042685)
            CFrameMon = CFrame.new(1219.813720703125, 138.35508728027344, -1487.648681640625)
            if Lv >= 110 then
                _G.SelectBoss = "Yeti"
            end
            SelectMonster = "Snow Bandit"
            _G.Farm_Mon = true
        elseif Lv == 120 or Lv <= 149 or SelectMonster == "Chief Petty Officer" then -- Chief Petty Officer
            Ms = "Chief Petty Officer"
            NameQuest = "MarineQuest2"
            QuestLv = 1
            NameMon = "Chief Petty Officer"
            CFrameQ = CFrame.new(-5039.58643, 27.3500385, 4324.68018, 0, 0, -1, 0, 1, 0, 1, 0, 0)
            CFrameMon = CFrame.new(-4923.693359375, 61.0307502746582, 4119.73193359375)
            CFrameMon1 = CFrame.new(-4733.5927734375, 54.690433502197266, 4447.373046875)
            if Lv >= 130 then
                _G.SelectBoss = "Vice Admiral"
            end
        elseif Lv == 150 or Lv <= 174 or SelectMonster == "Sky Bandit" then -- Sky Bandit
            Ms = "Sky Bandit"
            NameQuest = "SkyQuest"
            QuestLv = 1
            NameMon = "Sky Bandit"
            CFrameQ = CFrame.new(-4839.53027, 716.368591, -2619.44165, 0.866007268, 0, 0.500031412, 0, 1, 0, -0.500031412, 0, 0.866007268)
            CFrameMon = CFrame.new(-4955.05908203125, 296.0874328613281, -2899.822021484375)
        elseif Lv == 175 or Lv <= 190 or SelectMonster == "Dark Master" then -- Dark Master
            Ms = "Dark Master"
            NameQuest = "SkyQuest"
            QuestLv = 2
            NameMon = "Dark Master"
            CFrameQ = CFrame.new(-4839.53027, 716.368591, -2619.44165, 0.866007268, 0, 0.500031412, 0, 1, 0, -0.500031412, 0, 0.866007268)
            CFrameMon = CFrame.new(-5225.28125, 430.2355041503906, -2277.6142578125)
            SelectMonster = "Sky Bandit"
        elseif Lv == 190 or Lv <= 209 and SelectMonster == "Prisoner" then
            Ms = "Prisoner"
            QuestLv = 1
            NameQuest = "PrisonerQuest"
            NameMon = "Prisoner"
            CFrameQ = CFrame.new(5308.93115, 1.65517521, 475.120514, -0.0894274712, -5.00292918e-09, -0.995993316, 1.60817859e-09, 1, -5.16744869e-09, 0.995993316, -2.06384709e-09, -0.0894274712)
            CFrameMon = CFrame.new(5196.0791015625, 88.99527740478516, 488.6183166503906)
        elseif Lv == 210 or Lv <= 249 or SelectMonster == "Dangerous Prisoner" then
            Ms = "Dangerous Prisoner"
            QuestLv = 2
            NameQuest = "PrisonerQuest"
            NameMon = "Dangerous Prisoner"
            CFrameQ = CFrame.new(5308.93115, 1.65517521, 475.120514, -0.0894274712, -5.00292918e-09, -0.995993316, 1.60817859e-09, 1, -5.16744869e-09, 0.995993316, -2.06384709e-09, -0.0894274712)
            CFrameMon = CFrame.new(5379.958984375, 88.99483489990234, 1008.5199584960938)
            if Lv >= 240 then
                _G.SelectBoss = "Swan"
                
            elseif Lv >= 230 then
                _G.SelectBoss = "Chief Warden"
                
            elseif Lv >= 220 then
                _G.SelectBoss = "Warden"
            end
            SelectMonster = "Prisoner"
        elseif Lv == 250 or Lv <= 299 or SelectMonster == "Toga Warrior" then -- Toga Warrior
            Ms = "Toga Warrior"
            NameQuest = "ColosseumQuest"
            QuestLv = 1
            NameMon = "Toga Warrior"
            CFrameQ = CFrame.new(-1576.11743, 7.38933945, -2983.30762, 0.576966345, 1.22114863e-09, 0.816767931, -3.58496594e-10, 1, -1.24185606e-09, -0.816767931, 4.2370063e-10, 0.576966345)
            CFrameMon = CFrame.new(-1819.1649169921875, 51.94740676879883, -2739.3740234375)
        elseif Lv == 300 or Lv <= 324 or SelectMonster == "Military Soldier" then -- Military Soldier
            Ms = "Military Soldier"
            NameQuest = "MagmaQuest"
            QuestLv = 1
            NameMon = "Military Soldier"
            CFrameQ = CFrame.new(-5316.55859, 12.2370615, 8517.2998, 0.588437557, -1.37880001e-08, -0.808542669, -2.10116209e-08, 1, -3.23446478e-08, 0.808542669, 3.60215964e-08, 0.588437557)
            CFrameMon = CFrame.new(-5514.03955078125, 63.142940521240234, 8576.841796875)
        elseif Lv == 325 or Lv <= 374 or SelectMonster == "Military Spy" then -- Military Spy
            Ms = "Military Spy"
            NameQuest = "MagmaQuest"
            QuestLv = 2
            NameMon = "Military Spy"
            CFrameQ = CFrame.new(-5316.55859, 12.2370615, 8517.2998, 0.588437557, -1.37880001e-08, -0.808542669, -2.10116209e-08, 1, -3.23446478e-08, 0.808542669, 3.60215964e-08, 0.588437557)
            CFrameMon = CFrame.new(-5802.53173828125, 99.17176818847656, 8786.1982421875)
            SelectMonster = "Military Soldier"
        elseif Lv == 375 or Lv <= 399 or SelectMonster == "Fishman Warrior" then -- Fishman Warrior
            Ms = "Fishman Warrior"
            NameQuest = "FishmanQuest"
            QuestLv = 1
            NameMon = "Fishman Warrior"
            CFrameQ = CFrame.new(61122.5625, 18.4716396, 1568.16504, 0.893533468, 3.95251609e-09, 0.448996574, -2.34327455e-08, 1, 3.78297464e-08, -0.448996574, -4.43233645e-08, 0.893533468)
            CFrameMon = CFrame.new(60888.671875, 96.01477813720703, 1525.4569091796875)
        elseif Lv == 400 or Lv <= 449 or SelectMonster == "Fishman Commando" then -- Fishman Commando
            Ms = "Fishman Commando"
            NameQuest = "FishmanQuest"
            QuestLv = 2
            NameMon = "Fishman Commando"
            CFrameQ = CFrame.new(61122.5625, 18.4716396, 1568.16504)
            CFrameMon = CFrame.new(61941.4765625, 108.8272933959961, 1559.036376953125)
            if Lv >= 425 then
                _G.SelectBoss = "Fishman Lord"
            end
            SelectMonster = "Fishman Warrior"
        elseif Lv == 450 or Lv <= 474 or SelectMonster == "God's Guard" then 
            Ms = "God's Guard"
            NameQuest = "SkyExp1Quest"
            QuestLv = 1
            NameMon = "God's Guards"
            CFrameQ = CFrame.new(-4721.71436, 845.277161, -1954.20105)
            CFrameMon = CFrame.new(-4714.62744140625, 853.1715087890625, -1938.22705078125)
            if Lv >= 425 then
                _G.SelectBoss = "Fishman Lord"
            end
            SelectMonster = "Fishman Commando"
        elseif Lv == 475 or Lv <= 524 or SelectMonster == "Shanda" then
            Ms = "Shanda"
            NameQuest = "SkyExp1Quest"
            QuestLv = 2
            NameMon = "Shanda"
            CFrameQ = CFrame.new(-7859.09814, 5544.19043, -381.476196, -0.422592998, 0, 0.906319618, 0, 1, 0, -0.906319618, 0, -0.422592998)
            CFrameMon = CFrame.new(-7687.64501953125, 5601.17236328125, -441.61865234375)
            if Lv >= 500 then
                _G.SelectBoss = "Wysper"
            end
            SelectMonster = "God's Guard"
        elseif Lv == 525 or Lv <= 549 or SelectMonster == "Royal Squad" then -- Royal Squad
            Ms = "Royal Squad"
            NameQuest = "SkyExp2Quest"
            QuestLv = 1
            NameMon = "Royal Squad"
            CFrameQ = CFrame.new(-7906.81592, 5634.6626, -1411.99194, 0, 0, -1, 0, 1, 0, 1, 0, 0)
            CFrameMon = CFrame.new(-7631.80078125, 5637.423828125, -1435.3065185546875)
            SelectMonster = "Shanda"
        elseif Lv == 550 or Lv <= 624 or SelectMonster == "Royal Soldier" then -- Royal Soldier
            Ms = "Royal Soldier"
            NameQuest = "SkyExp2Quest"
            QuestLv = 2
            NameMon = "Royal Soldier"
            CFrameQ = CFrame.new(-7906.81592, 5634.6626, -1411.99194, 0, 0, -1, 0, 1, 0, 1, 0, 0)
            CFrameMon = CFrame.new(-7860.97998046875, 5662.5859375, -1707.573974609375)
            if Lv >= 575 then
                _G.SelectBoss = "Thunder God"
            end
            SelectMonster = "Royal Squad"
        elseif Lv == 625 or Lv <= 649 or SelectMonster == "Galley Pirate" then -- Galley Pirate
            Ms = "Galley Pirate"
            NameQuest = "FountainQuest"
            QuestLv = 1
            NameMon = "Galley Pirate"
            CFrameQ = CFrame.new(5259.81982, 37.3500175, 4050.0293, 0.087131381, 0, 0.996196866, 0, 1, 0, -0.996196866, 0, 0.087131381)
            CFrameMon = CFrame.new(5556.74462890625, 152.6445770263672, 3999.6875)
        elseif Lv >= 650 or SelectMonster == "Galley Captain" then -- Galley Captain
            Ms = "Galley Captain"
            NameQuest = "FountainQuest"
            QuestLv = 2
            NameMon = "Galley Captain"
            CFrameQ = CFrame.new(5259.81982, 37.3500175, 4050.0293, 0.087131381, 0, 0.996196866, 0, 1, 0, -0.996196866, 0, 0.087131381)
            CFrameMon = CFrame.new(5678.32275390625, 93.10353088378906, 4966.27392578125)
            if Lv >= 675 then
                _G.SelectBoss = "Cyborg"
            end
            SelectMonster = "Galley Pirate"
        end
    end
    if W2 then
        if Lv == 700 or Lv <= 724 or SelectMonster == "Raider" then -- Raider
            Ms = "Raider"
            NameQuest = "Area1Quest"
            QuestLv = 1
            NameMon = "Raider"
            CFrameQ = CFrame.new(-429.543518, 71.7699966, 1836.18188, -0.22495985, 0, -0.974368095, 0, 1, 0, 0.974368095, 0, -0.22495985)
            CFrameMon = CFrame.new(-462.41986083984375, 97.97019958496094, 2310.88720703125)
        elseif Lv == 725 or Lv <= 774 or SelectMonster == "Mercenary" then -- Mercenary
            Ms = "Mercenary"
            NameQuest = "Area1Quest"
            QuestLv = 2
            NameMon = "Mercenary"
            CFrameQ = CFrame.new(-429.543518, 71.7699966, 1836.18188, -0.22495985, 0, -0.974368095, 0, 1, 0, 0.974368095, 0, -0.22495985)
            CFrameMon = CFrame.new(-862.4571533203125, 135.76040649414062, 1404.47021484375)
            SelectMonster = "Raider"
        elseif Lv == 775 or Lv <= 799 or SelectMonster == "Swan Pirate" then -- Swan Pirate
            Ms = "Swan Pirate"
            NameQuest = "Area2Quest"
            QuestLv = 1
            NameMon = "Swan Pirate"
            CFrameQ = CFrame.new(638.43811, 71.769989, 918.282898, 0.139203906, 0, 0.99026376, 0, 1, 0, -0.99026376, 0, 0.139203906)
            CFrameMon = CFrame.new(913.2153930664062, 157.4447021484375, 1253.3961181640625)
        elseif Lv == 800 or Lv <= 874 or SelectMonster == "Factory Staff" then -- Factory Staff
            Ms = "Factory Staff"
            NameQuest = "Area2Quest"
            QuestLv = 2
            NameMon = "Factory Staff"
            CFrameQ = CFrame.new(638.43811, 71.769989, 918.282898, 0.139203906, 0, 0.99026376, 0, 1, 0, -0.99026376, 0, 0.139203906)
            CFrameMon = CFrame.new(475.8017578125, 73.3030014038086+40, 165.0749053955078)
            SelectMonster = "Swan Pirate"
        elseif Lv == 875 or Lv <= 899 or SelectMonster == "Marine Lieutenant" then -- Marine Lieutenant
            Ms = "Marine Lieutenant"
            NameQuest = "MarineQuest3"
            QuestLv = 1
            NameMon = "Marine Lieutenant"
            CFrameQ = CFrame.new(-2440.79639, 71.7140732, -3216.06812, 0.866007268, 0, 0.500031412, 0, 1, 0, -0.500031412, 0, 0.866007268)
            CFrameMon = CFrame.new(-2895.166748046875, 152.6609344482422, -3110.6279296875)
        elseif Lv == 900 or Lv <= 949 or SelectMonster == "Marine Captain" then -- Marine Captain
            Ms = "Marine Captain"
            NameQuest = "MarineQuest3"
            QuestLv = 2
            NameMon = "Marine Captain"
            CFrameQ = CFrame.new(-2440.79639, 71.7140732, -3216.06812, 0.866007268, 0, 0.500031412, 0, 1, 0, -0.500031412, 0, 0.866007268)
            CFrameMon = CFrame.new(-1852.2872314453125, 89.98519134521484, -3205.28515625)
            SelectMonster = "Marine Lieutenant"
        elseif Lv == 950 or Lv <= 974 or SelectMonster == "Zombie" then -- Zombie
            Ms = "Zombie"
            NameQuest = "ZombieQuest"
            QuestLv = 1
            NameMon = "Zombie"
            CFrameQ = CFrame.new(-5497.06152, 47.5923004, -795.237061, -0.29242146, 0, -0.95628953, 0, 1, 0, 0.95628953, 0, -0.29242146)
            CFrameMon = CFrame.new(-5710.50146484375, 126.3752212524414, -782.9561157226562)
        elseif Lv == 975 or Lv <= 999 or SelectMonster == "Vampire" then -- Vampire
            Ms = "Vampire"
            NameQuest = "ZombieQuest"
            QuestLv = 2
            NameMon = "Vampire"
            CFrameQ = CFrame.new(-5497.06152, 47.5923004, -795.237061, -0.29242146, 0, -0.95628953, 0, 1, 0, 0.95628953, 0, -0.29242146)
            CFrameMon = CFrame.new(-6029.40869140625, 6.745943546295166, -1302.347412109375)
            SelectMonster = "Zombie"
        elseif Lv == 1000 or Lv <= 1049 or SelectMonster == "Snow Trooper" then -- Snow Trooper **
            Ms = "Snow Trooper"
            NameQuest = "SnowMountainQuest"
            QuestLv = 1
            NameMon = "Snow Trooper"
            CFrameQ = CFrame.new(609.858826, 400.119904, -5372.25928, -0.374604106, 0, 0.92718488, 0, 1, 0, -0.92718488, 0, -0.374604106)
            CFrameMon = CFrame.new(411.0747375488281, 452.5277099609375, -5275.63671875)
        elseif Lv == 1050 or Lv <= 1099 or SelectMonster == "Winter Warrior" then -- Winter Warrior
            Ms = "Winter Warrior"
            NameQuest = "SnowMountainQuest"
            QuestLv = 2
            NameMon = "Winter Warrior"
            CFrameQ = CFrame.new(609.858826, 400.119904, -5372.25928, -0.374604106, 0, 0.92718488, 0, 1, 0, -0.92718488, 0, -0.374604106)
            CFrameMon = CFrame.new(1224.5518798828125, 454.92584228515625, -5169.74169921875)
            SelectMonster = "Snow Trooper"
        elseif Lv == 1100 or Lv <= 1124 or SelectMonster == "Lab Subordinate" then -- Lab Subordinate
            Ms = "Lab Subordinate"
            NameQuest = "IceSideQuest"
            QuestLv = 1
            NameMon = "Lab Subordinate"
            CFrameQ = CFrame.new(-6064.06885, 15.2422857, -4902.97852, 0.453972578, -0, -0.891015649, 0, 1, -0, 0.891015649, 0, 0.453972578)
            CFrameMon = CFrame.new(-5779.51806640625, 43.029029846191406, -4482.03564453125)
        elseif Lv == 1125 or Lv <= 1174 or SelectMonster == "Horned Warrior" then -- Horned Warrior
            Ms = "Horned Warrior"
            NameQuest = "IceSideQuest"
            QuestLv = 2
            NameMon = "Horned Warrior"
            CFrameQ = CFrame.new(-6064.06885, 15.2422857, -4902.97852, 0.453972578, -0, -0.891015649, 0, 1, -0, 0.891015649, 0, 0.453972578)
            CFrameMon = CFrame.new(-6288.37548828125, 92.13507843017578, -5508.8447265625)
            SelectMonster = "Lab Subordinate"
        elseif Lv == 1175 or Lv <= 1199 or SelectMonster == "Magma Ninja" then -- Magma Ninja
            Ms = "Magma Ninja"
            NameQuest = "FireSideQuest"
            QuestLv = 1
            NameMon = "Magma Ninja"
            CFrameQ = CFrame.new(-5428.03174, 15.0622921, -5299.43457, -0.882952213, 0, 0.469463557, 0, 1, 0, -0.469463557, 0, -0.882952213)
            CFrameMon = CFrame.new(-5458.98583984375, 99.66064453125, -5827.193359375)
        elseif Lv == 1200 or Lv <= 1249 or SelectMonster == "Lava Pirate" then 
            Ms = "Lava Pirate"
            NameQuest = "FireSideQuest"
            QuestLv = 2
            NameMon = "Lava Pirate"
            CFrameQ = CFrame.new(-5431.09473, 15.9868021, -5296.53223, 0.831796765, 1.15322464e-07, -0.555080295, -1.10814341e-07, 1, 4.17010995e-08, 0.555080295, 2.68240168e-08, 0.831796765)
            CFrameMon = CFrame.new(-5250.14990234375, 56.49302291870117, -4786.2060546875)
            SelectMonster = "Magma Ninja"
        elseif Lv == 1250 or Lv <= 1274 or SelectMonster == "Ship Deckhand" then 
            Ms = "Ship Deckhand"
            NameQuest = "ShipQuest1"
            QuestLv = 1
            NameMon = "Ship Deckhand"
            CFrameQ = CFrame.new(1037.80127, 125.092171, 32911.6016, -0.244533166, -0, -0.969640911, -0, 1.00000012, -0, 0.96964103, 0, -0.244533136)
            CFrameMon = CFrame.new(918.203857421875, 125.40035247802734, 32992.015625)
        elseif Lv == 1275 or Lv <= 1299 or SelectMonster == "Ship Engineer" then 
            Ms = "Ship Engineer"
            NameQuest = "ShipQuest1"
            QuestLv = 2
            NameMon = "Ship Engineer"
            CFrameQ = CFrame.new(1037.80127, 125.092171, 32911.6016, -0.244533166, -0, -0.969640911, -0, 1.00000012, -0, 0.96964103, 0, -0.244533136)
            CFrameMon = CFrame.new(918.203857421875, 125.40035247802734, 32992.015625)
            SelectMonster = "Ship Deckhand"
        elseif Lv == 1300 or Lv <= 1324 or SelectMonster == "Ship Steward" then 
            Ms = "Ship Steward"
            NameQuest = "ShipQuest2"
            QuestLv = 1
            NameMon = "Ship Steward"
            CFrameQ = CFrame.new(968.80957, 125.092171, 33244.125, -0.869560242, 1.51905191e-08, -0.493826836, 1.44108379e-08, 1, 5.38534195e-09, 0.493826836, -2.43357912e-09, -0.869560242)
            CFrameMon = CFrame.new(919.1654052734375, 129.89923095703125, 33435.26953125)
        elseif Lv == 1325 or Lv <= 1349 or SelectMonster == "Ship Officer" then 
            Ms = "Ship Officer"
            NameQuest = "ShipQuest2"
            QuestLv = 2
            NameMon = "Ship Officer"
            CFrameQ = CFrame.new(968.80957, 125.092171, 33244.125, -0.869560242, 1.51905191e-08, -0.493826836, 1.44108379e-08, 1, 5.38534195e-09, 0.493826836, -2.43357912e-09, -0.869560242)
            CFrameMon = CFrame.new(914.2103271484375, 181.40093994140625, 33364.94921875)
            SelectMonster = "Ship Steward"
        elseif Lv == 1350 or Lv <= 1374 or SelectMonster == "Arctic Warrior" then 
            Ms = "Arctic Warrior"
            NameQuest = "FrostQuest"
            QuestLv = 1
            NameMon = "Arctic Warrior"
            CFrameQ = CFrame.new(5667.6582, 26.7997818, -6486.08984, -0.933587909, 0, -0.358349502, 0, 1, 0, 0.358349502, 0, -0.933587909)
            CFrameMon = CFrame.new(5995.0986328125, 56.164093017578125, -6187.46435546875)
        elseif Lv == 1375 or Lv <= 1424 or SelectMonster == "Snow Lurker" then -- Snow Lurker
            Ms = "Snow Lurker"
            NameQuest = "FrostQuest"
            QuestLv = 2
            NameMon = "Snow Lurker"
            CFrameQ = CFrame.new(5667.6582, 26.7997818, -6486.08984, -0.933587909, 0, -0.358349502, 0, 1, 0, 0.358349502, 0, -0.933587909)
            CFrameMon = CFrame.new(5632.02734375, 57.892425537109375, -6622.625)
            SelectMonster = "Arctic Warrior"
        elseif Lv == 1425 or Lv <= 1449 or SelectMonster == "Sea Soldier" then -- Sea Soldier
            Ms = "Sea Soldier"
            NameQuest = "ForgottenQuest"
            QuestLv = 1
            NameMon = "Sea Soldier"
            CFrameQ = CFrame.new(-3054.44458, 235.544281, -10142.8193, 0.990270376, -0, -0.13915664, 0, 1, -0, 0.13915664, 0, 0.990270376)
            CFrameMon = CFrame.new(-3029.480224609375, 65.33903503417969, -9776.0234375)
        elseif Lv >= 1450 or SelectMonster == "Water Fighter" then -- Water Fighter
            Ms = "Water Fighter"
            NameQuest = "ForgottenQuest"
            QuestLv = 2
            NameMon = "Water Fighter"
            CFrameQ = CFrame.new(-3054.44458, 235.544281, -10142.8193, 0.990270376, -0, -0.13915664, 0, 1, -0, 0.13915664, 0, 0.990270376)
            CFrameMon = CFrame.new(-3266.053955078125, 299.0077209472656, -10551.6806640625)
            SelectMonster = "Sea Soldier"
            if Lv >= 1475 then
                _G.SelectBoss = "Tide Keeper"
            end
        end
    end
    if W3 then
        if Lv >= 1500 and Lv <= 1524 or SelectMonster == "Pirate Millionaire" then -- Pirate Millionaire
            Ms = "Pirate Millionaire"
            NameQuest = "PiratePortQuest"
            QuestLv = 1
            NameMon = "Pirate Millionaire"
            CFrameQ = CFrame.new(-290.074677, 42.9034653, 5581.58984, 0.965929627, -0, -0.258804798, 0, 1, -0, 0.258804798, 0, 0.965929627)
            CFrameMon = CFrame.new(81.164993286133, 43.755737304688, 5724.7021484375)
        elseif Lv >= 1525 and Lv <= 1574 or SelectMonster == "Pistol Billionaire" then -- Pistol Billionaire
            Ms = "Pistol Billionaire"
            NameQuest = "PiratePortQuest"
            QuestLv = 2
            NameMon = "Pistol Billionaire"
            CFrameQ = CFrame.new(-290.074677, 42.9034653, 5581.58984, 0.965929627, -0, -0.258804798, 0, 1, -0, 0.258804798, 0, 0.965929627)
            CFrameMon = CFrame.new(81.164993286133, 43.755737304688, 5724.7021484375)
            SelectMonster = "Pirate Millionaire"
        elseif Lv >= 1575 and Lv <= 1599 or SelectMonster == "Dragon Crew Warrior" then -- Dragon Crew Warrior
            Ms = "Dragon Crew Warrior"
            NameQuest = "AmazonQuest"
            QuestLv = 1
            NameMon = "Dragon Crew Warrior"
            CFrameQ = CFrame.new(5832.83594, 51.6806107, -1101.51563, 0.898790359, -0, -0.438378751, 0, 1, -0, 0.438378751, 0, 0.898790359)
            CFrameMon = CFrame.new(6241.9951171875, 51.522083282471, -1243.9771728516)
        elseif Lv >= 1600 and Lv <= 1624 or SelectMonster == "Dragon Crew Archer" then -- Dragon Crew Archer
            Ms = "Dragon Crew Archer"
            NameQuest = "AmazonQuest"
            QuestLv = 2
            NameMon = "Dragon Crew Archer"
            CFrameQ = CFrame.new(5832.83594, 51.6806107, -1101.51563, 0.898790359, -0, -0.438378751, 0, 1, -0, 0.438378751, 0, 0.898790359)
            CFrameMon = CFrame.new(6488.9155273438, 383.38375854492, -110.66246032715)
            SelectMonster = "Dragon Crew Warrior"
        elseif Lv >= 1625 and Lv <= 1649 or SelectMonster == "Female Islander" then -- Female Islander
            Ms = "Female Islander"
            NameQuest = "AmazonQuest2"
            QuestLv = 1
            NameMon = "Female Islander"
            CFrameQ = CFrame.new(5448.86133, 601.516174, 751.130676, 0, 0, 1, 0, 1, -0, -1, 0, 0)
            CFrameMon = CFrame.new(4770.4990234375, 758.95520019531, 1069.8680419922)
        elseif Lv >= 1650 and Lv <= 1699 or SelectMonster == "Giant Islander" then -- Giant Islander
            Ms = "Giant Islander"
            NameQuest = "AmazonQuest2"
            QuestLv = 2
            NameMon = "Giant Islander"
            CFrameQ = CFrame.new(5448.86133, 601.516174, 751.130676, 0, 0, 1, 0, 1, -0, -1, 0, 0)
            CFrameMon = CFrame.new(4530.3540039063, 656.75695800781, -131.60952758789)
            SelectMonster = "Female Islander"
        elseif Lv >= 1700 and Lv <= 1724 or SelectMonster == "Marine Commodore" then -- Marine Commodore
            Ms = "Marine Commodore"
            NameQuest = "MarineTreeIsland"
            QuestLv = 1
            NameMon = "Marine Commodore"
            CFrameQ = CFrame.new(2180.54126, 27.8156815, -6741.5498, -0.965929747, 0, 0.258804798, 0, 1, 0, -0.258804798, 0, -0.965929747)
            CFrameMon = CFrame.new(2490.0844726563, 190.4232635498, -7160.0502929688)
        elseif Lv >= 1725 and Lv <= 1774 or SelectMonster == "Marine Rear Admiral" then -- Marine Rear Admiral
            Ms = "Marine Rear Admiral"
            NameQuest = "MarineTreeIsland"
            QuestLv = 2
